[[188110.26956402 188110.26956402 188108.26956402 188109.26956402
  188109.26956402 188110.26956402 188110.26956402 188110.26956402
  188108.26956402 188111.26956402 188109.26956402]
 [188109.26956402 188109.26956402 188109.26956402 188108.26956402
  188110.26956402 188111.26956402 188108.26956402 188109.26956402
  188110.26956402 188108.26956402 188111.26956402]
 [188111.26956402 188108.26956402 188111.26956402 188111.26956402
  188111.26956402 188109.26956402 188109.26956402 188111.26956402
  188108.26956402 188110.26956402 188108.26956402]
 [188108.26956402 188108.26956402 188108.26956402 188110.26956402
  188110.26956402 188110.26956402 188109.26956402 188110.26956402
  188109.26956402 188109.26956402 188109.26956402]
 [188110.26956402 188110.26956402 188111.26956402 188110.26956402
  188109.26956402 188110.26956402 188110.26956402 188108.26956402
  188111.26956402 188110.26956402 188108.26956402]
 [188109.26956402 188108.26956402 188111.26956402 188109.26956402
  188108.26956402 188110.26956402 188111.26956402 188111.26956402
  188109.26956402 188109.26956402 188109.26956402]
 [188110.26956402 188108.26956402 188111.26956402 188109.26956402
  188108.26956402 188111.26956402 188108.26956402 188108.26956402
  188108.26956402 188108.26956402 188108.26956402]
 [188110.26956402 188109.26956402 188109.26956402 188109.26956402
  188110.26956402 188111.26956402 188108.26956402 188110.26956402
  188108.26956402 188108.26956402 188110.26956402]
 [188109.26956402 188110.26956402 188110.26956402 188109.26956402
  188109.26956402 188108.26956402 188111.26956402 188111.26956402
  188110.26956402 188109.26956402 188111.26956402]
 [188111.26956402 188109.26956402 188108.26956402 188108.26956402
  188108.26956402 188111.26956402 188108.26956402 188108.26956402
  188109.26956402 188111.26956402 188110.26956402]
 [188111.26956402 188110.26956402 188110.26956402 188108.26956402
  188111.26956402 188110.26956402 188108.26956402 188110.26956402
  188111.26956402 188109.26956402 188110.26956402]]